-10.000000	-55.000000	-3.247690	3
-12.500000	18.500000	-2.054795	1
-23.533300	-46.616700	0.170551	1
-25.103700	30.983600	-1.415929	1
-27.000000	133.000000	5.881907	6
-28.642000	153.612000	3.864734	1
-29.000000	24.000000	-1.316668	12
-37.816700	144.967000	9.649123	1
-5.000000	120.000000	0.216755	3
-6.267030	14.240100	-2.054795	2
1.000000	32.000000	-0.364964	1
1.000000	38.000000	-0.280008	3
1.000000	32.000000	-8.102345	1
1.366700	103.800000	1.025845	10
10.000000	8.000000	-0.510204	1
10.000000	49.000000	-3.808244	9
10.000000	8.000000	0.507614	1
11.000000	-10.000000	-0.364964	1
13.466700	-16.566700	-0.237530	1
15.000000	100.000000	0.071325	2
15.000000	48.000000	-0.510204	1
15.000000	30.000000	3.088269	10
15.000000	100.000000	0.170551	1
15.588100	32.534200	3.555556	1
16.000000	106.000000	0.507614	1
16.000000	8.000000	-0.364964	1
18.235900	-66.483800	-8.102345	6
19.066700	72.833300	-12.039312	3
2.066670	45.366700	-4.374772	7
2.500000	112.500000	-0.364964	1
20.000000	77.000000	-0.614105	6
21.000000	57.000000	-0.364964	1
21.500000	-80.000000	1.531394	6
22.250000	114.167000	1.239669	1
24.000000	54.000000	3.555556	1
24.866700	67.050000	0.507614	1
25.000000	45.000000	-3.190791	4
25.252200	55.280000	1.009964	18
25.286700	51.533300	2.380952	1
25.500000	51.250000	-0.161473	3
26.000000	50.550000	-0.510204	1
26.183300	71.250000	-12.039312	3
27.833300	-81.717000	-1.557286	1
28.000000	3.000000	0.583215	2
28.683300	77.200000	-12.039312	1
29.337500	47.658100	3.555556	1
29.763300	-95.363300	-0.237530	1
30.000000	70.000000	-0.496887	31
30.477300	56.107800	-0.510204	1
30.666700	104.067000	0.358423	1
31.000000	64.000000	-5.118110	14
31.106000	-97.647500	-0.237530	1
31.132700	66.636200	-5.118110	4
31.222200	121.458000	-1.275761	1
31.500000	34.750000	-0.300368	14
32.000000	53.000000	-0.969309	127
32.324300	74.349700	-0.636943	1
32.378300	61.445800	-5.118110	2
32.799000	-86.807300	-1.557286	1
32.922800	50.006400	0.170551	1
32.950900	69.957600	-2.099738	2
33.000000	65.000000	-4.920062	24
33.000000	44.000000	-0.364964	1
33.000000	65.000000	3.125000	7
33.000000	44.000000	-1.117318	1
33.000000	65.000000	-2.328359	18
33.000000	44.000000	-0.857071	8
33.302900	62.147400	-1.221640	3
33.700000	73.166700	3.125000	1
33.707800	71.002400	-2.099738	1
33.710200	70.340100	-2.099738	2
33.771200	-111.388000	-1.557286	1
33.833300	35.833300	-0.364964	1
34.000000	9.000000	-0.364964	1
34.007800	71.573300	-2.099738	2
34.108300	-117.290000	-5.154639	1
34.516700	69.183300	-5.161290	1
34.757300	71.490700	-2.099738	1
35.000000	105.000000	-2.041315	19
35.000000	33.000000	-2.237522	1
35.000000	105.000000	3.125000	4
35.000000	38.000000	-1.117318	1
35.000000	105.000000	1.531394	2
35.000000	38.000000	1.531394	1
35.000000	105.000000	-0.681303	6
35.000000	38.000000	-4.210526	6
35.000000	33.000000	0.170551	2
35.000000	38.000000	0.170551	1
35.000000	33.000000	0.170551	1
35.000000	38.000000	-0.636943	2
35.000000	105.000000	-0.364964	1
35.000000	38.000000	-0.510204	1
35.537600	-96.924700	-1.557286	6
35.592400	128.174000	-3.964758	1
35.750000	51.514800	-0.867130	6
36.000000	138.000000	-0.770041	13
36.170000	-119.746000	0.170551	1
36.175000	-115.137000	6.870670	4
36.815800	36.585300	0.170551	35
36.983300	128.250000	4.237288	1
37.000000	127.500000	1.763000	15
37.249700	42.469400	-4.210526	1
37.327200	42.190300	-4.210526	1
37.516200	-81.361800	0.170551	1
37.553800	-77.460300	0.592593	1
37.566400	127.000000	-2.132707	3
37.712900	38.943200	-4.210526	1
37.768000	-78.205700	0.592593	8
38.000000	-97.000000	-1.081934	68
38.080000	46.291900	0.170551	4
38.468000	-80.969600	0.170551	1
38.895100	-77.036400	-2.126065	4
38.936400	125.581000	2.097902	1
39.000000	35.000000	-4.210526	20
39.000000	22.000000	-0.423729	1
39.000000	35.000000	-1.669112	47
39.019400	125.755000	1.909066	3
39.064600	-105.327000	-2.582326	3
39.529600	-119.814000	-1.123596	3
39.864700	-86.260400	-2.976190	3
39.927200	32.864400	-4.210526	2
39.928900	116.388000	-1.480166	2
4.366670	18.583300	-3.086420	1
40.000000	45.000000	-0.364964	1
40.000000	-4.000000	1.007994	2
40.000000	45.000000	-8.467742	4
40.000000	46.583300	-8.467742	2
40.000000	45.000000	-8.467742	6
40.000000	127.000000	2.097902	6
40.000000	45.000000	-0.405444	3
40.000000	127.000000	-3.964758	7
40.000000	45.000000	1.010101	1
40.000000	46.583300	1.010101	1
40.113500	-111.854000	-2.985075	1
40.395300	49.882200	-0.845719	17
40.434800	-89.217900	0.497512	1
40.500000	47.500000	-1.409240	86
40.810600	129.107000	1.531394	1
40.905300	45.556400	-8.467742	1
41.000000	20.000000	-0.486590	2
41.018600	28.964700	-0.169826	2
41.117200	20.801900	-0.423729	1
41.600500	-93.609100	0.497512	1
41.661700	-91.536300	0.497512	5
41.676400	-91.580400	0.497512	1
41.833300	22.000000	-0.432709	14
41.850000	-87.650100	0.334032	2
42.000000	43.500000	-1.275761	1
42.000000	21.433300	-0.423729	4
42.004600	-93.214000	0.497512	8
42.010600	20.971400	-0.423729	1
42.149700	-74.938400	-2.232143	2
42.333300	44.000000	-1.275761	1
42.500000	19.300000	-0.549451	1
42.790800	41.159900	-1.275761	1
42.833300	12.833300	-1.770279	4
43.000000	25.000000	-0.423729	1
43.038900	-87.906500	-2.232143	1
43.350400	-84.560300	-1.557286	1
43.750000	20.750000	-0.364964	1
44.083300	-88.200100	-2.232143	1
44.256300	-89.638500	-2.232143	3
45.166700	15.500000	-0.457207	2
45.416700	-75.700000	-4.210526	1
46.000000	2.000000	-1.468313	3
46.000000	105.000000	1.531394	1
47.000000	20.000000	0.170551	1
47.000000	8.000000	-0.364964	1
47.000000	20.000000	-0.364964	1
47.333300	13.333300	-0.364964	1
48.000000	68.000000	-0.364964	1
49.000000	32.000000	0.087854	23
49.750000	15.500000	-0.364964	1
49.840700	24.030500	1.659751	1
5.000000	-59.000000	1.118211	1
50.433300	30.516700	1.310644	6
50.733300	7.100000	-2.893309	1
50.833300	4.000000	-0.364964	1
51.000000	9.000000	0.647393	2
52.000000	20.000000	-0.364964	1
52.133300	-106.667000	1.393728	1
52.500000	5.750000	-0.364964	1
54.000000	-2.000000	-0.364964	1
55.666700	12.583300	1.239669	2
55.752200	37.615600	-0.912606	4
58.466700	55.633300	-0.190532	2
6.662900	80.177600	0.358423	1
6.931940	79.847800	0.358423	2
60.000000	-95.000000	-4.210526	1
60.000000	100.000000	-1.178202	57
60.000000	-95.000000	0.170551	1
62.000000	15.000000	-0.364964	1
62.000000	10.000000	-0.364964	1
7.000000	81.000000	0.255082	7
7.000000	21.000000	-3.086420	4
8.000000	-66.000000	-0.405343	3
8.000000	30.000000	3.555556	1
8.000000	-2.000000	-0.237530	1
